1D00B946
Decoded NEC: 1D00B946 (32 bits)
Raw (68): 10538 8900 -4400 600 -550 550 -550 550 -550 550 -1700 550 -1650 550 -1700 550 -550 550 -1650 550 -550 600 -550 550 -550 550 -550 550 -550 600 -550 550 -550 550 -550 550 -1650 600 -550 550 -1650 550 -1700 550 -1650 550 -550 600 -550 550 -1650 550 -550 600 -1650 550 -550 550 -550 550 -550 600 -1650 550 -1650 600 -550 550 
1D00B946
Decoded NEC: 1D00B946 (32 bits)
Raw (68): 31856 8950 -4400 550 -550 600 -550 550 -550 550 -1650 550 -1700 550 -1650 550 -550 600 -1650 550 -550 550 -550 600 -550 550 -550 550 -550 550 -550 550 -600 550 -550 550 -1650 550 -550 600 -1650 550 -1650 550 -1700 550 -550 550 -550 550 -1700 550 -550 550 -1650 600 -550 550 -550 550 -550 550 -1700 550 -1650 550 -550 550 
1D00B946
Decoded NEC: 1D00B946 (32 bits)
Raw (68): -9064 8900 -4450 550 -550 550 -550 550 -550 600 -1650 550 -1650 550 -1700 550 -550 550 -1700 550 -550 550 -550 550 -550 550 -550 600 -550 550 -550 550 -550 550 -550 550 -1650 600 -550 550 -1650 600 -1650 550 -1650 600 -550 550 -550 550 -1650 550 -600 550 -1650 550 -550 550 -550 600 -550 550 -1650 550 -1700 550 -550 550 
1D00B946
Decoded NEC: 1D00B946 (32 bits)
Raw (68): -1418 8900 -4450 550 -550 550 -550 550 -550 550 -1700 550 -1650 550 -1700 550 -550 550 -1650 600 -550 550 -550 550 -550 550 -550 550 -600 550 -550 550 -550 550 -550 550 -1700 550 -550 550 -1650 600 -1650 550 -1650 550 -600 550 -550 550 -1650 550 -550 600 -1650 550 -550 550 -550 550 -600 550 -1650 550 -1700 550 -550 550 
1D00B946
Decoded NEC: 1D00B946 (32 bits)
Raw (68): -9154 8900 -4450 550 -550 600 -550 550 -550 550 -1650 550 -1700 550 -1650 550 -550 600 -1650 550 -550 550 -550 600 -550 550 -550 550 -550 550 -550 550 -550 600 -550 550 -1650 550 -550 550 -1700 550 -1650 550 -1700 550 -550 550 -550 550 -1700 550 -550 550 -1650 600 -550 550 -550 550 -550 550 -1700 550 -1650 550 -550 550 
1D00B946
Decoded NEC: 1D00B946 (32 bits)
Raw (68): 9674 8950 -4400 550 -550 600 -550 550 -550 550 -1650 550 -1700 550 -1650 550 -600 550 -1650 550 -550 550 -550 600 -550 550 -550 550 -550 550 -550 550 -600 550 -550 550 -1650 550 -550 550 -1700 550 -1650 550 -1700 550 -550 550 -550 550 -1700 550 -550 550 -1650 550 -600 550 -550 550 -550 550 -1700 550 -1650 550 -550 550 
1D00B946
Decoded NEC: 1D00B946 (32 bits)
Raw (68): 16438 8900 -4400 600 -550 550 -550 550 -550 550 -1700 550 -1650 550 -1700 550 -550 550 -1650 550 -550 600 -550 550 -550 550 -550 550 -550 550 -600 550 -550 550 -550 550 -1650 600 -550 550 -1650 550 -1700 550 -1650 550 -550 550 -600 550 -1650 550 -550 550 -1700 550 -550 550 -550 550 -550 550 -1700 550 -1650 550 -600 550 
1D00B946
Decoded NEC: 1D00B946 (32 bits)
Raw (68): -16898 8900 -4450 550 -550 550 -550 550 -550 550 -1700 550 -1650 550 -1700 550 -550 550 -1650 600 -550 550 -550 550 -550 550 -550 550 -600 550 -550 550 -550 550 -550 550 -1700 550 -550 550 -1650 550 -1700 550 -1650 550 -550 600 -550 550 -1650 550 -550 600 -1650 550 -550 550 -550 550 -600 550 -1650 550 -1650 600 -550 550 
1D00B946
Decoded NEC: 1D00B946 (32 bits)
Raw (68): 8316 8900 -4450 550 -550 550 -600 550 -550 550 -1650 550 -1700 550 -1650 550 -550 550 -1700 550 -550 550 -550 550 -600 550 -550 550 -550 550 -550 550 -550 550 -600 550 -1650 550 -550 550 -1700 550 -1650 550 -1700 550 -550 550 -550 550 -1700 550 -550 550 -1650 550 -550 600 -550 550 -550 550 -1650 550 -1700 550 -550 550 
1D00B946
Decoded NEC: 1D00B946 (32 bits)
Raw (68): 4602 8900 -4450 550 -550 550 -550 600 -550 550 -1650 550 -1700 550 -1650 550 -550 550 -1700 550 -550 550 -550 550 -550 600 -550 550 -550 550 -550 550 -550 550 -600 550 -1650 550 -550 550 -1700 550 -1650 550 -1700 550 -550 550 -550 550 -1700 550 -550 550 -1650 550 -550 600 -550 550 -550 550 -1650 550 -1700 550 -550 550 
1D00B946
Decoded NEC: 1D00B946 (32 bits)
Raw (68): 4966 8950 -4400 550 -550 600 -550 550 -550 550 -1650 600 -1650 550 -1650 550 -600 550 -1650 550 -550 550 -550 600 -550 550 -550 550 -550 550 -550 550 -600 550 -550 550 -1650 550 -550 600 -1650 550 -1650 600 -1650 550 -550 550 -550 550 -1700 550 -550 550 -1650 600 -550 550 -550 550 -550 550 -1700 550 -1650 550 -550 550 
1D00B946
Decoded NEC: 1D00B946 (32 bits)
Raw (68): 23416 8950 -4400 550 -600 550 -550 550 -550 550 -1650 600 -1650 550 -1650 600 -550 550 -1650 550 -550 550 -550 600 -550 550 -550 550 -550 550 -550 600 -550 550 -550 550 -1650 550 -600 550 -1650 550 -1650 600 -1650 550 -550 550 -550 550 -1700 550 -550 550 -1650 600 -550 550 -550 550 -550 550 -1700 550 -1650 550 -550 550 
1D00B946
Decoded NEC: 1D00B946 (32 bits)
Raw (68): 7666 8900 -4450 550 -550 550 -550 550 -550 550 -1700 550 -1650 550 -1700 550 -550 550 -1650 600 -550 550 -550 550 -550 550 -550 550 -550 600 -550 550 -550 550 -550 550 -1700 550 -550 550 -1650 550 -1700 550 -1650 550 -550 600 -550 550 -1650 550 -550 550 -1700 550 -550 550 -550 550 -550 600 -1650 550 -1650 600 -550 550 
1D00B946
Decoded NEC: 1D00B946 (32 bits)
Raw (68): 19966 8900 -4400 600 -550 550 -550 550 -550 550 -1700 550 -1650 550 -1700 550 -550 550 -1650 550 -550 600 -550 550 -550 550 -550 550 -550 550 -600 550 -550 550 -550 550 -1650 600 -550 550 -1650 550 -1700 550 -1650 550 -550 550 -600 550 -1650 550 -550 550 -1700 550 -550 550 -550 550 -550 600 -1650 550 -1650 550 -550 600 
1D00B946
Decoded NEC: 1D00B946 (32 bits)
Raw (68): 14066 8900 -4400 600 -550 550 -550 550 -550 550 -1700 550 -1650 550 -1700 550 -550 550 -1650 550 -550 600 -550 550 -550 550 -550 550 -550 550 -600 550 -550 550 -550 550 -1650 600 -550 550 -1650 550 -1700 550 -1650 550 -550 550 -600 550 -1650 550 -550 550 -1700 550 -550 550 -550 550 -550 600 -1650 550 -1650 550 -600 550 
1D00B946
Decoded NEC: 1D00B946 (32 bits)
Raw (68): -19584 8900 -4450 550 -550 550 -550 550 -600 550 -1650 550 -1700 550 -1650 550 -550 550 -1700 550 -550 550 -550 550 -550 600 -550 550 -550 550 -550 550 -550 550 -550 600 -1650 550 -550 550 -1700 550 -1650 550 -1700 550 -550 550 -550 550 -1700 550 -550 550 -1650 550 -550 600 -550 550 -550 550 -1650 550 -1700 550 -550 550 
1D00B946
Decoded NEC: 1D00B946 (32 bits)
Raw (68): -14184 8950 -4400 550 -600 550 -550 550 -550 550 -1650 600 -1650 550 -1650 600 -550 550 -1650 550 -550 550 -600 550 -550 550 -550 550 -550 550 -550 600 -550 550 -550 550 -1650 550 -550 600 -1650 550 -1650 600 -1650 550 -550 550 -550 600 -1650 550 -550 550 -1700 550 -550 550 -550 550 -550 550 -1700 550 -1650 550 -550 600 
1D00B946
Decoded NEC: 1D00B946 (32 bits)
Raw (68): -29356 8900 -4450 550 -550 550 -550 550 -550 600 -1650 550 -1650 600 -1650 550 -550 550 -1700 550 -550 550 -550 550 -550 550 -550 600 -550 550 -550 550 -550 550 -550 550 -1700 550 -550 550 -1650 600 -1650 550 -1650 600 -550 550 -550 550 -1650 550 -550 600 -1650 550 -550 550 -550 600 -550 550 -1650 550 -1700 550 -550 550 
1D00B946
Decoded NEC: 1D00B946 (32 bits)
Raw (68): -25470 8900 -4450 550 -550 550 -550 600 -550 550 -1650 550 -1650 600 -1650 550 -550 550 -1700 550 -550 550 -550 550 -550 600 -550 550 -550 550 -550 550 -550 550 -550 600 -1650 550 -550 550 -1700 550 -1650 550 -1700 550 -550 550 -550 550 -1650 600 -550 550 -1650 550 -550 600 -550 550 -550 550 -1650 550 -1700 550 -550 550 
1D00B946
Decoded NEC: 1D00B946 (32 bits)
Raw (68): 3330 8900 -4400 600 -550 550 -550 550 -550 550 -1650 600 -1650 550 -1650 600 -550 550 -1650 550 -550 550 -600 550 -550 550 -550 550 -550 550 -550 600 -550 550 -550 550 -1650 600 -550 550 -1650 550 -1700 550 -1650 550 -550 550 -550 600 -1600 600 -550 550 -1700 550 -550 550 -550 550 -550 550 -1700 550 -1650 550 -550 600 
1D00B946
Decoded NEC: 1D00B946 (32 bits)
Raw (68): -32670 8900 -4450 550 -550 550 -550 600 -550 550 -1650 550 -1650 600 -1650 550 -550 550 -1700 550 -550 550 -550 550 -550 600 -550 550 -550 550 -550 550 -550 550 -550 600 -1650 550 -550 550 -1700 550 -1650 550 -1700 550 -550 550 -550 550 -1650 600 -550 550 -1650 550 -550 600 -550 550 -550 550 -1650 550 -1700 550 -550 550 
1D00B946
Decoded NEC: 1D00B946 (32 bits)
Raw (68): -13520 8950 -4400 600 -550 550 -550 550 -550 550 -1650 600 -1650 550 -1650 600 -550 550 -1650 550 -550 600 -550 550 -550 550 -550 550 -550 550 -550 600 -550 550 -550 550 -1650 550 -600 550 -1650 550 -1650 600 -1650 550 -550 550 -550 600 -1650 550 -550 550 -1700 550 -550 550 -550 550 -550 550 -1700 550 -1650 550 -550 600 
1D00B946
Decoded NEC: 1D00B946 (32 bits)
Raw (68): -5134 8900 -4450 550 -550 550 -550 600 -550 550 -1650 550 -1700 550 -1650 550 -550 550 -1700 550 -550 550 -550 550 -550 600 -550 550 -550 550 -550 550 -550 550 -550 600 -1650 550 -550 550 -1700 550 -1650 550 -1700 550 -550 550 -550 550 -1650 600 -550 550 -1650 550 -550 600 -550 550 -550 550 -1650 550 -1700 550 -550 550 
1D00B946
Decoded NEC: 1D00B946 (32 bits)
Raw (68): -21370 8900 -4450 550 -550 550 -550 600 -550 550 -1650 550 -1700 550 -1650 550 -550 550 -1700 550 -550 550 -550 550 -550 600 -550 550 -550 550 -550 550 -550 550 -600 550 -1650 550 -550 550 -1700 550 -1650 550 -1700 550 -550 550 -550 550 -1700 550 -550 550 -1650 550 -550 600 -550 550 -550 550 -1650 600 -1650 550 -550 550 
1D00B946
Decoded NEC: 1D00B946 (32 bits)
Raw (68): 24366 8900 -4450 550 -550 550 -600 550 -550 550 -1650 550 -1700 550 -1650 550 -550 600 -1650 550 -550 550 -550 550 -600 550 -550 550 -550 550 -550 550 -550 600 -550 550 -1650 550 -550 550 -1700 550 -1650 550 -1700 550 -550 550 -550 550 -1700 550 -550 550 -1650 550 -550 600 -550 550 -550 550 -1650 600 -1650 550 -550 550 
1D00B946
Decoded NEC: 1D00B946 (32 bits)
Raw (68): 24566 8950 -4400 550 -550 600 -550 550 -550 550 -1650 600 -1650 550 -1650 550 -600 550 -1650 550 -550 550 -550 600 -550 550 -550 550 -550 550 -550 550 -600 550 -550 550 -1650 550 -550 600 -1650 550 -1650 600 -1650 550 -550 550 -550 550 -1700 550 -550 550 -1650 600 -550 550 -550 550 -550 550 -1700 550 -1650 550 -550 550 
