1D0059A6
Decoded NEC: 1D0059A6 (32 bits)
Raw (68): -20686 8950 -4400 600 -500 600 -550 550 -550 550 -1650 600 -1650 550 -1650 600 -500 600 -1650 550 -550 600 -500 600 -550 550 -550 550 -550 550 -550 600 -500 600 -550 550 -550 550 -1650 600 -550 550 -1650 600 -1650 550 -550 550 -550 550 -1650 600 -1650 550 -550 600 -1650 550 -550 550 -550 600 -1600 600 -1650 550 -550 600 
1D0059A6
Decoded NEC: 1D0059A6 (32 bits)
Raw (68): -11880 8950 -4400 600 -500 600 -550 550 -550 550 -1650 600 -1650 550 -1650 600 -500 600 -1650 550 -550 600 -500 600 -550 550 -550 550 -550 550 -550 600 -500 600 -550 550 -550 550 -1650 600 -550 550 -1650 550 -1650 600 -550 550 -550 550 -1650 600 -1650 550 -550 600 -1650 550 -550 550 -550 550 -1650 600 -1650 550 -550 600 
1D0059A6
Decoded NEC: 1D0059A6 (32 bits)
Raw (68): 24152 8950 -4400 550 -550 600 -500 600 -550 550 -1650 550 -1650 600 -1650 550 -550 600 -1650 550 -550 550 -550 600 -500 600 -500 600 -550 550 -550 550 -550 600 -500 600 -550 550 -1650 600 -500 600 -1650 550 -1650 600 -500 600 -550 550 -1650 600 -1650 550 -550 550 -1650 600 -550 550 -550 550 -1700 550 -1650 550 -550 550 
1D0059A6
Decoded NEC: 1D0059A6 (32 bits)
Raw (68): -1320 8950 -4400 600 -500 600 -500 600 -550 550 -1650 600 -1650 550 -1650 600 -500 600 -1650 550 -550 550 -550 600 -500 600 -550 550 -550 550 -550 600 -500 600 -550 550 -550 550 -1650 600 -500 600 -1650 550 -1650 600 -550 550 -550 550 -1650 600 -1650 550 -550 550 -1650 600 -550 550 -550 550 -1650 600 -1650 550 -550 600 
1D0059A6
Decoded NEC: 1D0059A6 (32 bits)
Raw (68): 5494 8950 -4400 550 -550 600 -500 600 -550 550 -1650 600 -1650 550 -1650 600 -500 600 -1650 550 -550 550 -550 600 -500 600 -550 550 -550 550 -550 600 -500 600 -500 600 -550 550 -1650 600 -500 600 -1650 550 -1650 600 -550 550 -550 550 -1650 600 -1650 550 -550 550 -1650 600 -550 550 -550 550 -1650 600 -1650 550 -550 550 
1D0059A6
Decoded NEC: 1D0059A6 (32 bits)
Raw (68): 9872 8950 -4400 600 -500 600 -500 600 -550 550 -1650 600 -1650 550 -1650 600 -500 600 -1650 550 -550 600 -500 600 -500 600 -550 550 -550 550 -550 600 -500 600 -550 550 -550 550 -1650 600 -550 550 -1650 550 -1650 600 -550 550 -550 550 -1650 600 -1650 550 -550 550 -1700 550 -550 550 -550 550 -1650 600 -1650 550 -550 600 
1D0059A6
Decoded NEC: 1D0059A6 (32 bits)
Raw (68): -30364 8900 -4450 550 -550 550 -550 550 -550 600 -1650 550 -1650 600 -1600 600 -550 550 -1650 600 -550 550 -550 550 -550 550 -550 600 -500 600 -550 550 -550 550 -550 550 -550 600 -1650 550 -550 550 -1650 600 -1650 550 -550 600 -500 600 -1650 550 -1650 600 -550 550 -1650 550 -550 600 -500 600 -1650 550 -1650 600 -550 550 
1D0059A6
Decoded NEC: 1D0059A6 (32 bits)
Raw (68): -30970 8900 -4450 550 -550 550 -550 550 -550 600 -1650 550 -1650 600 -1650 550 -550 550 -1650 600 -550 550 -550 550 -550 550 -550 600 -500 600 -550 550 -550 550 -550 550 -550 600 -1650 550 -550 550 -1650 600 -1650 550 -550 600 -500 600 -1650 550 -1650 600 -550 550 -1650 550 -550 600 -500 600 -1650 550 -1650 600 -550 550 
1D0059A6
Decoded NEC: 1D0059A6 (32 bits)
Raw (68): -5978 8950 -4400 550 -550 600 -500 600 -550 550 -1650 550 -1700 550 -1650 550 -550 600 -1650 550 -550 550 -550 600 -500 600 -550 550 -550 550 -550 550 -550 600 -500 600 -550 550 -1650 600 -500 600 -1650 550 -1650 600 -500 600 -550 550 -1650 600 -1650 550 -550 550 -1650 600 -550 550 -550 550 -1650 600 -1650 550 -550 550 
1D0059A6
Decoded NEC: 1D0059A6 (32 bits)
Raw (68): -19704 8900 -4450 550 -550 550 -550 550 -550 600 -1650 550 -1650 600 -1650 550 -550 550 -1650 600 -550 550 -550 550 -550 550 -550 600 -500 600 -550 550 -550 550 -550 550 -550 600 -1650 550 -550 550 -1650 600 -1650 550 -550 600 -500 600 -1650 550 -1650 600 -500 600 -1650 550 -550 600 -500 600 -1650 550 -1650 600 -550 550 
1D0059A6
Decoded NEC: 1D0059A6 (32 bits)
Raw (68): 19616 8900 -4450 550 -550 550 -550 600 -500 600 -1650 550 -1650 600 -1650 550 -550 550 -1700 550 -550 550 -550 550 -550 600 -500 600 -550 550 -550 550 -550 550 -550 600 -500 600 -1650 550 -550 600 -1650 550 -1650 600 -500 600 -550 550 -1650 550 -1700 550 -550 550 -1650 600 -500 600 -550 550 -1650 600 -1650 550 -550 550 
1D0059A6
Decoded NEC: 1D0059A6 (32 bits)
Raw (68): -25378 8950 -4400 600 -500 600 -550 550 -550 550 -1650 600 -1650 550 -1650 600 -500 600 -1650 550 -550 600 -500 600 -550 550 -550 550 -550 550 -550 600 -500 600 -550 550 -550 550 -1650 600 -550 550 -1650 550 -1700 550 -550 550 -550 550 -1650 600 -1650 550 -550 550 -1700 550 -550 550 -550 550 -1700 550 -1650 550 -550 600 
