1D00D926
Decoded NEC: 1D00D926 (32 bits)
Raw (68): -8270 8950 -4400 550 -550 600 -500 600 -500 600 -1650 550 -1650 600 -1650 550 -550 600 -1600 600 -550 550 -550 600 -500 600 -500 600 -500 600 -550 550 -550 600 -500 600 -1650 550 -1650 600 -500 600 -1650 550 -1650 600 -550 550 -550 550 -1700 550 -500 600 -550 550 -1700 550 -500 600 -500 600 -1650 600 -1600 600 -550 550 
1D00D926
Decoded NEC: 1D00D926 (32 bits)
Raw (68): -26176 8950 -4400 600 -550 550 -500 600 -550 550 -1650 600 -1600 600 -1650 600 -500 600 -1650 550 -550 600 -500 600 -500 600 -550 550 -550 550 -550 600 -500 600 -500 600 -1650 600 -1600 600 -500 600 -1650 600 -1600 600 -550 550 -550 600 -1600 600 -550 550 -550 600 -1600 600 -550 550 -550 550 -1650 600 -1650 550 -550 600 
1D00D926
Decoded NEC: 1D00D926 (32 bits)
Raw (68): -16612 8950 -4400 600 -500 600 -550 550 -550 600 -1600 600 -1650 600 -1600 600 -550 550 -1650 600 -500 600 -500 600 -550 550 -550 600 -500 600 -550 550 -550 550 -550 600 -1600 600 -1650 550 -550 600 -1600 600 -1650 600 -500 600 -500 600 -1650 600 -500 600 -500 600 -1650 550 -550 600 -500 600 -1650 550 -1650 600 -500 600 
1D00D926
Decoded NEC: 1D00D926 (32 bits)
Raw (68): 8274 8950 -4400 550 -550 600 -500 600 -500 600 -1650 550 -1650 600 -1650 550 -550 600 -1600 600 -550 550 -550 600 -500 600 -500 600 -500 600 -550 550 -550 600 -500 600 -1650 550 -1650 600 -500 600 -1650 550 -1650 600 -500 600 -550 550 -1650 600 -500 600 -550 550 -1650 600 -500 600 -550 550 -1650 600 -1600 600 -550 550 
1D00D926
Decoded NEC: 1D00D926 (32 bits)
Raw (68): -4490 8950 -4400 550 -550 600 -500 600 -550 550 -1650 600 -1600 600 -1650 600 -500 600 -1600 600 -550 550 -600 550 -500 600 -500 600 -550 550 -550 600 -500 600 -550 550 -1650 550 -1650 600 -500 600 -1650 600 -1600 600 -550 550 -550 550 -1650 600 -500 600 -550 550 -1650 600 -500 600 -550 550 -1650 600 -1650 550 -550 550 
1D00D926
Decoded NEC: 1D00D926 (32 bits)
Raw (68): -2690 8950 -4400 600 -500 600 -550 550 -550 600 -1600 600 -1650 600 -1600 600 -550 550 -1650 600 -500 600 -500 600 -550 550 -550 600 -500 600 -500 600 -500 600 -550 550 -1650 600 -1650 550 -600 550 -1600 600 -1650 600 -550 550 -500 600 -1650 550 -550 600 -500 600 -1650 550 -550 600 -500 600 -1650 550 -1650 600 -500 600 
1D00D926
Decoded NEC: 1D00D926 (32 bits)
Raw (68): 7746 8950 -4400 600 -500 600 -500 600 -550 550 -1650 600 -1650 550 -1650 600 -500 600 -1650 600 -500 600 -550 550 -500 600 -550 550 -550 600 -500 600 -500 600 -550 550 -1650 600 -1650 550 -550 550 -1650 600 -1650 550 -550 600 -550 550 -1650 550 -550 600 -500 600 -1600 600 -550 550 -550 600 -1600 600 -1650 600 -500 600 
1D00D926
Decoded NEC: 1D00D926 (32 bits)
Raw (68): -25776 8950 -4400 600 -500 600 -550 550 -550 600 -1600 600 -1650 600 -1600 600 -550 550 -1650 600 -500 600 -550 550 -550 550 -600 550 -500 600 -500 600 -550 550 -550 600 -1600 600 -1650 650 -450 600 -1600 600 -1650 600 -500 600 -500 600 -1650 600 -500 600 -550 550 -1650 550 -550 600 -500 600 -1650 550 -1650 600 -500 600 
1D00D926
Decoded NEC: 1D00D926 (32 bits)
Raw (68): 25710 8950 -4400 550 -550 600 -500 600 -500 600 -1650 600 -1600 600 -1650 550 -550 600 -1600 600 -550 550 -550 600 -500 600 -500 600 -500 600 -550 550 -550 600 -550 550 -1650 550 -1650 600 -500 600 -1650 600 -1600 600 -500 600 -550 550 -1650 600 -550 550 -550 550 -1650 600 -550 550 -500 600 -1650 600 -1600 600 -500 600 
1D00D926
Decoded NEC: 1D00D926 (32 bits)
Raw (68): 21196 8950 -4400 550 -550 600 -500 600 -500 600 -1650 600 -1600 600 -1650 550 -550 600 -1600 600 -550 550 -550 600 -500 600 -500 600 -550 550 -550 550 -550 600 -500 600 -1650 550 -1700 550 -550 550 -1650 600 -1600 600 -500 600 -550 550 -1650 600 -500 600 -550 550 -1650 600 -500 600 -550 550 -1650 600 -1600 600 -550 550 
1D00D926
Decoded NEC: 1D00D926 (32 bits)
Raw (68): 7696 8900 -4400 600 -550 550 -550 550 -550 600 -1650 550 -1650 600 -1600 600 -550 550 -1650 600 -500 600 -550 550 -550 600 -500 600 -500 600 -500 600 -550 550 -550 600 -1600 600 -1650 600 -500 600 -1650 550 -1650 600 -500 600 -500 600 -1650 600 -500 600 -500 600 -1650 600 -500 600 -500 600 -1650 550 -1700 550 -500 600 
1D00D926
Decoded NEC: 1D00D926 (32 bits)
Raw (68): 30396 8950 -4400 600 -550 550 -550 550 -550 600 -1600 600 -1650 600 -1600 600 -550 550 -1650 600 -500 600 -550 550 -550 550 -550 600 -500 600 -500 600 -550 550 -550 600 -1600 600 -1650 550 -550 600 -1600 600 -1650 600 -500 600 -500 600 -1650 600 -500 600 -500 600 -1650 550 -550 600 -500 600 -1650 550 -1650 600 -500 600 
1D00D926
Decoded NEC: 1D00D926 (32 bits)
Raw (68): -20840 8950 -4400 600 -500 600 -500 600 -550 550 -1650 600 -1650 550 -1650 600 -500 600 -1650 550 -550 600 -500 600 -500 600 -550 550 -550 600 -500 600 -500 600 -550 550 -1650 600 -1600 600 -550 550 -1650 600 -1650 550 -550 600 -500 600 -1650 550 -550 550 -550 600 -1600 600 -550 550 -550 600 -1600 600 -1650 600 -550 550 
